0 0.82734375 0.3859375 0.0453125 0.053125
0 0.79453125 0.4859375 0.059375 0.07578125
0 0.7203125 0.5109375 0.04609375 0.06875
0 0.3171875 0.4203125 0.0109375 0.03359375
0 0.225 0.47890625 0.06015625 0.0625
0 0.2578125 0.4078125 0.04921875 0.053125
0 0.18984375 0.3828125 0.04609375 0.06015625
4 0.8671875 0.22109375 0.08671875 0.14453125
4 0.8765625 0.5265625 0.06796875 0.16640625
4 0.153125 0.25078125 0.06796875 0.15078125
4 0.140625 0.52578125 0.08046875 0.17265625
3 0.2671875 0.5234375 0.01796875 0.053125
1 0.30234375 0.49609375 0.0828125 0.0640625
1 0.7578125 0.4203125 0.02109375 0.0375