1 0.51640625 0.54453125 0.0109375 0.0375
1 0.5046875 0.53671875 0.0125 0.03515625
2 0.51640625 0.52578125 0.0109375 0.04453125
1 0.56953125 0.5453125 0.0109375 0.0484375
1 0.55859375 0.54921875 0.0125 0.046875
1 0.71953125 0.52890625 0.0203125 0.05546875
3 0.7140625 0.63125 0.02421875 0.0421875
0 0.2546875 0.5 0.0453125 0.03359375
0 0.21953125 0.5390625 0.03515625 0.03984375
0 0.28203125 0.578125 0.05390625 0.05546875
0 0.73125 0.5921875 0.0515625 0.053125
0 0.76171875 0.51015625 0.04140625 0.053125
0 0.80390625 0.4546875 0.0265625 0.053125
0 0.803125 0.54453125 0.04375 0.06875