1 0.76640625 0.46328125 0.05390625 0.0265625
2 0.75703125 0.4484375 0.03984375 0.03984375
1 0.4328125 0.5203125 0.01875 0.05546875
1 0.7984375 0.490625 0.0375 0.053125
1 0.7078125 0.475 0.04921875 0.03984375
1 0.73671875 0.53359375 0.0515625 0.06015625
1 0.67265625 0.57109375 0.04609375 0.06015625
1 0.61796875 0.58984375 0.03515625 0.04453125
1 0.59140625 0.5 0.03515625 0.0734375
1 0.54765625 0.50234375 0.0328125 0.05546875
1 0.2921875 0.56640625 0.02734375 0.046875
1 0.2765625 0.475 0.03125 0.0484375
1 0.22734375 0.440625 0.0375 0.06015625
1 0.1984375 0.46953125 0.0328125 0.06875
4 0.20546875 0.325 0.059375 0.153125