3 0.8359375 0.40234375 0.025 0.05078125
3 0.8140625 0.54453125 0.02109375 0.0421875
3 0.77734375 0.56484375 0.025 0.0421875
3 0.75625 0.559375 0.0265625 0.03515625
3 0.73984375 0.43359375 0.01875 0.05546875
3 0.665625 0.43828125 0.0125 0.05078125
3 0.3625 0.4390625 0.01640625 0.053125
3 0.2671875 0.428125 0.01796875 0.0578125
3 0.28046875 0.55 0.02109375 0.0578125
3 0.35625 0.553125 0.01875 0.0421875
1 0.3140625 0.5453125 0.0375 0.07109375
1 0.65078125 0.45234375 0.01640625 0.0484375
1 0.6828125 0.4390625 0.01875 0.0625
1 0.7078125 0.4578125 0.02734375 0.046875