4 0.2203125 0.3140625 0.06640625 0.13515625
4 0.16484375 0.52109375 0.096875 0.1375
4 0.80390625 0.2796875 0.053125 0.190625
4 0.8359375 0.515625 0.06796875 0.16640625
3 0.32734375 0.4890625 0.01640625 0.0421875
1 0.22421875 0.42890625 0.0109375 0.02890625
1 0.24609375 0.45234375 0.02265625 0.0265625
1 0.2734375 0.47578125 0.01640625 0.02421875
1 0.29375 0.49140625 0.01484375 0.03359375
1 0.309375 0.50390625 0.0109375 0.03125
1 0.2453125 0.50703125 0.04921875 0.0640625
0 0.296875 0.5515625 0.04609375 0.046875
0 0.70703125 0.55546875 0.04765625 0.0421875
0 0.7484375 0.4671875 0.0125 0.02421875
0 0.73046875 0.48125 0.01875 0.03125
1 0.7984375 0.43671875 0.0125 0.03515625
1 0.77734375 0.44921875 0.02265625 0.0375
1 0.76171875 0.50390625 0.02421875 0.03125