4 0.79921875 0.35078125 0.071875 0.1640625
4 0.8171875 0.56796875 0.065625 0.159375
4 0.19765625 0.56328125 0.0640625 0.17265625
0 0.76875 0.46796875 0.03984375 0.06640625
0 0.715625 0.48828125 0.05546875 0.0578125
0 0.290625 0.48828125 0.06640625 0.06640625
0 0.23359375 0.46171875 0.04296875 0.07109375
0 0.26328125 0.53828125 0.05625 0.0734375
1 0.3421875 0.49453125 0.0390625 0.0484375
1 0.3203125 0.57265625 0.05546875 0.0578125
1 0.37265625 0.57578125 0.04609375 0.05078125
1 0.66953125 0.50703125 0.0328125 0.05078125
1 0.7015625 0.58046875 0.05390625 0.0640625
1 0.65703125 0.58671875 0.0390625 0.05078125