7 0.3375 0.40703125 0.0265625 0.16171875
8 0.33125 0.29140625 0.03671875 0.0640625
8 0.2828125 0.3203125 0.04140625 0.06015625
7 0.2875 0.3828125 0.053125 0.090625
3 0.2890625 0.459375 0.05390625 0.06640625
3 0.36484375 0.4625 0.02421875 0.046875
3 0.4046875 0.48359375 0.01796875 0.03984375
3 0.43203125 0.4671875 0.01484375 0.046875
3 0.48046875 0.47109375 0.01640625 0.0421875
3 0.51875 0.45234375 0.0203125 0.053125
3 0.59140625 0.4625 0.0125 0.0421875
3 0.3859375 0.59453125 0.02109375 0.04453125
3 0.37578125 0.5546875 0.01875 0.053125
3 0.34375 0.55546875 0.0109375 0.046875
3 0.2671875 0.5859375 0.03125 0.03984375
0 0.23671875 0.49765625 0.03671875 0.05078125
0 0.24140625 0.5515625 0.06640625 0.0734375
0 0.309375 0.5546875 0.07890625 0.0890625
2 0.65390625 0.48046875 0.04375 0.08203125
2 0.68671875 0.47578125 0.02265625 0.05078125
7 0.28984375 0.6734375 0.0578125 0.1484375
8 0.19609375 0.68515625 0.03984375 0.0796875
1 0.3921875 0.55 0.02109375 0.053125
5 0.703125 0.44140625 0.0203125 0.03125
0 0.775 0.4859375 0.04140625 0.03125
0 0.728125 0.48671875 0.0578125 0.06015625
7 0.6859375 0.3734375 0.02421875 0.13984375
7 0.6578125 0.3796875 0.02265625 0.12890625
7 0.7828125 0.62109375 0.04921875 0.12890625
8 0.74296875 0.69765625 0.06875 0.08671875
3 0.72578125 0.59375 0.0578125 0.06875
3 0.79765625 0.44609375 0.0203125 0.053125
1 0.56953125 0.45703125 0.01640625 0.0625
1 0.553125 0.4578125 0.0140625 0.07734375
1 0.5671875 0.5515625 0.0390625 0.0421875