0 0.63984375 0.63359375 0.02890625 0.0375
2 0.63359375 0.64453125 0.0140625 0.03359375
1 0.765625 0.50546875 0.0375 0.0484375
1 0.6953125 0.61015625 0.04296875 0.0484375
1 0.69453125 0.53046875 0.0328125 0.03515625
1 0.6640625 0.54140625 0.0328125 0.04453125
1 0.6375 0.5453125 0.02421875 0.0578125
1 0.54453125 0.5421875 0.0140625 0.06015625
1 0.47578125 0.53671875 0.0125 0.03125
1 0.32734375 0.59140625 0.0375 0.05546875
1 0.29765625 0.5046875 0.03515625 0.046875
0 0.24375 0.46171875 0.0203125 0.0484375