7 0.346875 0.740625 0.0453125 0.1640625
7 0.6921875 0.40625 0.03125 0.0890625
9 0.684375 0.47578125 0.0203125 0.03359375
2 0.68125 0.51328125 0.03359375 0.046875
0 0.72578125 0.52265625 0.05546875 0.05078125
0 0.73359375 0.62578125 0.03125 0.053125
0 0.6734375 0.6234375 0.0109375 0.03125
0 0.659375 0.628125 0.0125 0.03984375
0 0.63359375 0.62421875 0.01640625 0.02890625
0 0.39609375 0.5171875 0.0140625 0.0265625
0 0.36328125 0.621875 0.04609375 0.06875
0 0.2984375 0.51875 0.0140625 0.021875
0 0.278125 0.51875 0.03125 0.03515625
3 0.33671875 0.509375 0.01796875 0.05546875
3 0.3859375 0.63203125 0.0140625 0.04453125
3 0.33671875 0.61875 0.0125 0.04453125
3 0.17421875 0.5625 0.02421875 0.05078125