1 0.75703125 0.42890625 0.0328125 0.05078125
1 0.721875 0.5234375 0.0375 0.0578125
1 0.7046875 0.4625 0.02890625 0.0375
1 0.67265625 0.465625 0.0203125 0.04453125
1 0.6609375 0.54921875 0.0140625 0.03359375
1 0.640625 0.553125 0.0125 0.02421875
1 0.625 0.5953125 0.025 0.0421875
1 0.35625 0.565625 0.0203125 0.03984375
1 0.27890625 0.5453125 0.025 0.04453125
1 0.240625 0.43828125 0.0265625 0.06015625
1 0.3 0.47109375 0.0328125 0.02890625
3 0.309375 0.56796875 0.0140625 0.0625
3 0.325 0.459375 0.01484375 0.053125
3 0.6640625 0.4515625 0.03046875 0.0203125
3 0.71015625 0.42890625 0.01640625 0.0375
3 0.646875 0.57890625 0.0203125 0.0484375