7 0.72265625 0.35703125 0.04140625 0.15546875
7 0.66953125 0.375 0.02421875 0.17265625
7 0.53203125 0.4203125 0.0328125 0.1578125
4 0.19375 0.303125 0.04609375 0.1796875
7 0.7703125 0.6609375 0.04140625 0.1421875
7 0.29140625 0.671875 0.06796875 0.12421875
1 0.31328125 0.57265625 0.05390625 0.0578125
1 0.23203125 0.44453125 0.0390625 0.046875
1 0.296875 0.478125 0.04921875 0.046875
1 0.3421875 0.4828125 0.04140625 0.03359375
3 0.3546875 0.4484375 0.01640625 0.03984375
1 0.53515625 0.53046875 0.0265625 0.0578125
1 0.65078125 0.49140625 0.01796875 0.046875
1 0.67578125 0.4859375 0.02734375 0.053125
1 0.7078125 0.475 0.03515625 0.0484375
1 0.778125 0.45703125 0.03984375 0.053125
1 0.7421875 0.5609375 0.04765625 0.06640625
1 0.71015625 0.56796875 0.02109375 0.03984375
1 0.659375 0.5859375 0.0203125 0.03515625
3 0.6890625 0.5875 0.0203125 0.04453125