4 0.8265625 0.56640625 0.07265625 0.1484375
4 0.19921875 0.57265625 0.06875 0.1421875
0 0.246875 0.475 0.0390625 0.0625
0 0.3046875 0.49765625 0.03359375 0.046875
0 0.2671875 0.55234375 0.04921875 0.053125
0 0.32578125 0.57265625 0.04609375 0.04453125
0 0.78046875 0.46953125 0.03125 0.05078125
0 0.72734375 0.496875 0.03359375 0.03984375
0 0.7625 0.54375 0.04609375 0.053125
0 0.70234375 0.56875 0.04375 0.0421875
0 0.6546875 0.59375 0.02421875 0.0421875
3 0.7 0.4921875 0.01640625 0.03125
3 0.34375 0.48671875 0.02421875 0.0421875
3 0.29921875 0.59921875 0.01640625 0.04453125
1 0.5765625 0.51484375 0.01484375 0.0265625
1 0.67265625 0.51328125 0.02109375 0.05078125