1 0.81328125 0.46796875 0.0375 0.0484375
1 0.771875 0.56640625 0.0515625 0.0640625
1 0.7328125 0.596875 0.03359375 0.04453125
3 0.73359375 0.6265625 0.02890625 0.02421875
3 0.6734375 0.62890625 0.02109375 0.05078125
3 0.340625 0.64765625 0.01875 0.03984375
1 0.3421875 0.60859375 0.01875 0.03359375
3 0.28359375 0.60234375 0.02734375 0.05078125
3 0.265625 0.59453125 0.02109375 0.053125
2 0.21796875 0.5453125 0.02421875 0.0265625
1 0.2375 0.57578125 0.05 0.05546875
1 0.21953125 0.47890625 0.04765625 0.0578125
3 0.2453125 0.4625 0.01640625 0.05078125
1 0.33828125 0.51796875 0.03359375 0.046875
3 0.34140625 0.48828125 0.01796875 0.03515625
3 0.359375 0.5125 0.01796875 0.053125
1 0.4375 0.52578125 0.0140625 0.0484375