0 0.22734375 0.49453125 0.02265625 0.0265625
0 0.275 0.52265625 0.0375 0.02890625
0 0.37890625 0.53671875 0.03671875 0.03984375
0 0.25234375 0.58359375 0.01796875 0.03515625
0 0.3140625 0.6078125 0.03984375 0.03984375
0 0.63125 0.53046875 0.03046875 0.0265625
0 0.715625 0.50546875 0.053125 0.03984375
0 0.77421875 0.48125 0.01875 0.03125
0 0.73984375 0.57578125 0.02890625 0.02421875
0 0.6453125 0.6078125 0.03046875 0.03515625
1 0.5046875 0.5421875 0.01796875 0.02890625
1 0.5453125 0.5265625 0.0125 0.046875
1 0.684375 0.60234375 0.04296875 0.06875
1 0.67890625 0.5078125 0.01640625 0.053125
3 0.33359375 0.62890625 0.01640625 0.0421875
3 0.32578125 0.5234375 0.01640625 0.03984375