7 0.54765625 0.4359375 0.0328125 0.1484375
7 0.321875 0.38046875 0.04921875 0.1265625
0 0.25703125 0.446875 0.0578125 0.0640625
8 0.33203125 0.32734375 0.03125 0.0421875
0 0.3203125 0.484375 0.06015625 0.0734375
0 0.359375 0.4921875 0.01796875 0.03515625
0 0.3453125 0.5546875 0.04296875 0.03515625
1 0.26328125 0.52578125 0.01875 0.03984375
1 0.48515625 0.53359375 0.0140625 0.03359375
1 0.55390625 0.53671875 0.02734375 0.0578125
1 0.7046875 0.56640625 0.05625 0.06015625
2 0.68671875 0.5921875 0.02265625 0.03515625
0 0.71015625 0.49765625 0.02890625 0.0421875
0 0.74375 0.49921875 0.02421875 0.03515625
0 0.79140625 0.465625 0.053125 0.053125
0 0.771875 0.54765625 0.05625 0.0578125