1 0.24765625 0.49921875 0.03515625 0.0578125
1 0.296875 0.515625 0.04921875 0.046875
3 0.33515625 0.51328125 0.025 0.05546875
1 0.38046875 0.51015625 0.03046875 0.07109375
1 0.25 0.57109375 0.04765625 0.05546875
1 0.303125 0.58046875 0.04140625 0.02890625
3 0.29140625 0.5953125 0.03046875 0.03359375
7 0.71953125 0.40390625 0.04296875 0.11953125
1 0.72421875 0.5015625 0.0515625 0.06640625
1 0.65859375 0.6046875 0.0140625 0.02890625
3 0.67890625 0.6046875 0.01640625 0.05078125
3 0.71328125 0.6109375 0.0203125 0.05078125
0 0.76015625 0.58046875 0.04140625 0.0421875