4 0.79921875 0.3109375 0.059375 0.16875
4 0.82265625 0.5546875 0.0703125 0.17734375
4 0.19140625 0.525 0.09140625 0.1171875
3 0.2921875 0.42734375 0.0109375 0.05078125
3 0.2796875 0.42734375 0.01640625 0.05078125
3 0.3390625 0.44140625 0.01484375 0.03984375
3 0.359375 0.44140625 0.025 0.0796875
3 0.38203125 0.4515625 0.01875 0.03359375
3 0.43828125 0.5734375 0.01484375 0.03359375
3 0.4078125 0.56328125 0.0203125 0.03125
3 0.2734375 0.53671875 0.02109375 0.03984375
3 0.31484375 0.5390625 0.0328125 0.0484375
3 0.3546875 0.56484375 0.00859375 0.0375
3 0.3703125 0.56328125 0.01796875 0.03515625
3 0.68046875 0.55703125 0.01484375 0.03125
3 0.721875 0.54765625 0.0203125 0.03984375
3 0.70234375 0.4359375 0.02421875 0.05078125
3 0.73671875 0.4203125 0.01484375 0.0421875
1 0.75 0.51015625 0.0375 0.06640625
1 0.66328125 0.546875 0.0265625 0.0421875