7 0.55859375 0.475 0.025 0.159375
0 0.21328125 0.5390625 0.04765625 0.053125
0 0.275 0.5546875 0.04765625 0.053125
0 0.29609375 0.65234375 0.0375 0.04453125
0 0.728125 0.5421875 0.0375 0.046875
0 0.790625 0.53828125 0.0515625 0.05078125
0 0.79453125 0.62109375 0.05390625 0.0625
0 0.72890625 0.63984375 0.04375 0.05078125
3 0.26875 0.6609375 0.0125 0.04453125
3 0.41796875 0.58203125 0.01796875 0.05078125
1 0.44296875 0.58984375 0.0125 0.0578125
1 0.45859375 0.58984375 0.01640625 0.053125
1 0.4875 0.5875 0.0109375 0.06640625
1 0.50078125 0.5921875 0.01484375 0.03984375
1 0.52890625 0.58125 0.01640625 0.084375
1 0.553125 0.58046875 0.02890625 0.0640625
1 0.6796875 0.65625 0.03046875 0.04453125
1 0.64296875 0.66953125 0.02265625 0.0484375