7 0.3296875 0.34375 0.03671875 0.1640625
4 0.17734375 0.50546875 0.08671875 0.2
7 0.7328125 0.34921875 0.0640625 0.1578125
1 0.2765625 0.45390625 0.053125 0.05078125
1 0.33125 0.45703125 0.03671875 0.04453125
1 0.2515625 0.49609375 0.05390625 0.06875
1 0.3125 0.509375 0.0578125 0.046875
1 0.73359375 0.46015625 0.0640625 0.0640625
1 0.65859375 0.53125 0.04140625 0.046875
1 0.77578125 0.51796875 0.04765625 0.10859375
1 0.71796875 0.534375 0.05546875 0.053125
3 0.79453125 0.5453125 0.02734375 0.12421875
3 0.75859375 0.56328125 0.02265625 0.12890625
3 0.7390625 0.55546875 0.02421875 0.1