1 0.27890625 0.41796875 0.02734375 0.05546875
1 0.30234375 0.4203125 0.01484375 0.05546875
1 0.32265625 0.43046875 0.01484375 0.03984375
1 0.3390625 0.44140625 0.01484375 0.03984375
4 0.84296875 0.26171875 0.05625 0.18203125
4 0.85390625 0.5203125 0.07265625 0.17109375
4 0.1609375 0.52890625 0.078125 0.17109375
3 0.27265625 0.5171875 0.025 0.053125
1 0.30390625 0.50234375 0.0578125 0.05078125
1 0.66796875 0.446875 0.01015625 0.02890625
1 0.67890625 0.4421875 0.01640625 0.02890625
1 0.6984375 0.440625 0.0203125 0.05546875
1 0.721875 0.4359375 0.02265625 0.05078125
1 0.7265625 0.509375 0.04375 0.05078125
1 0.759375 0.50390625 0.02109375 0.03515625
0 0.7984375 0.4140625 0.0578125 0.0375