4 0.17109375 0.57578125 0.084375 0.17109375
4 0.81953125 0.38046875 0.06171875 0.13125
4 0.8453125 0.55 0.090625 0.12890625
7 0.33828125 0.39921875 0.02421875 0.15546875
0 0.22734375 0.48359375 0.0453125 0.04453125
0 0.3125 0.584375 0.0578125 0.0640625
0 0.73359375 0.50546875 0.0375 0.03125
0 0.78515625 0.475 0.0390625 0.03984375
1 0.6890625 0.49921875 0.01796875 0.053125
1 0.709375 0.5875 0.06015625 0.06640625
1 0.36796875 0.51484375 0.01484375 0.04453125
1 0.340625 0.5078125 0.025 0.03984375
2 0.34609375 0.49140625 0.0265625 0.046875
1 0.25234375 0.57109375 0.0375 0.06015625