7 0.71796875 0.38125 0.0453125 0.10625
7 0.73984375 0.67734375 0.05390625 0.13984375
1 0.7265625 0.4765625 0.05390625 0.0890625
1 0.71640625 0.584375 0.05625 0.08671875
3 0.55703125 0.5125 0.0140625 0.03984375
1 0.50390625 0.51875 0.01015625 0.04453125
1 0.51796875 0.52890625 0.01640625 0.05546875
1 0.47265625 0.5265625 0.0140625 0.05078125
1 0.45625 0.51796875 0.0140625 0.0421875
1 0.271875 0.49609375 0.0515625 0.0640625
3 0.31484375 0.50234375 0.02265625 0.05078125
0 0.23515625 0.56015625 0.05 0.05546875
0 0.30625 0.584375 0.04765625 0.046875
0 0.2734375 0.60546875 0.01640625 0.06640625