4 0.19453125 0.28984375 0.0703125 0.1578125
4 0.1796875 0.5421875 0.06015625 0.153125
0 0.2203125 0.43828125 0.0265625 0.05078125
0 0.26796875 0.46796875 0.01875 0.021875
0 0.246875 0.5359375 0.04609375 0.06015625
0 0.30703125 0.5546875 0.02890625 0.03984375
0 0.36796875 0.57578125 0.03984375 0.0375
0 0.65703125 0.58125 0.03046875 0.03984375
0 0.6875 0.578125 0.0265625 0.03359375
0 0.7640625 0.5421875 0.04921875 0.06875
0 0.7453125 0.48125 0.0265625 0.03125
0 0.784375 0.46171875 0.0265625 0.03984375
4 0.8328125 0.528125 0.06796875 0.17265625