0 0.193370165625 0.477669328125 0.1875104640625 0.504288671875 0.20701355000000002 0.5247063765625 0.21262347187500003 0.485063590625 0.193370165625 0.477669328125
4 0.8421875 0.36640625 0.0734375 0.20703125
4 0.84296875 0.61484375 0.075 0.20703125
4 0.15859375 0.61640625 0.0984375 0.1921875
0 0.2828125 0.525 0.03046875 0.05
0 0.2375 0.57265625 0.06328125 0.06796875
0 0.3046875 0.59765625 0.04375 0.04140625
1 0.3703125 0.51171875 0.03671875 0.07109375
1 0.35625 0.6015625 0.03671875 0.0625
1 0.45 0.51484375 0.03046875 0.06484375
1 0.68828125 0.528125 0.03671875 0.05625
0 0.7359375 0.5234375 0.05859375 0.059375
0 0.8078125 0.48828125 0.03203125 0.0296875
0 0.77265625 0.5828125 0.06875 0.06484375
0 0.7046875 0.603125 0.04375 0.0828125