8 0.7625 0.7390625 0.0265625 0.0484375
8 0.7328125 0.753125 0.03125 0.06015625
7 0.73125 0.70234375 0.06171875 0.10390625
0 0.75078125 0.56875 0.0328125 0.05546875
0 0.721875 0.54140625 0.03515625 0.0265625
0 0.6734375 0.56328125 0.02109375 0.0265625
0 0.63828125 0.56796875 0.0265625 0.03125
0 0.70546875 0.615625 0.053125 0.06875
0 0.4203125 0.60859375 0.01796875 0.02421875
0 0.384375 0.60234375 0.025 0.02421875
0 0.3265625 0.59140625 0.04296875 0.03359375
0 0.3109375 0.53359375 0.01875 0.02890625
0 0.2859375 0.528125 0.01796875 0.0265625
0 0.24921875 0.49140625 0.0265625 0.0421875