7 0.5640625 0.3984375 0.0375 0.21953125
3 0.59296875 0.49140625 0.02265625 0.121875
1 0.5578125 0.53828125 0.0390625 0.05546875
0 0.83984375 0.50390625 0.0328125 0.053125
0 0.7921875 0.53046875 0.03984375 0.04453125
0 0.84375 0.5609375 0.0375 0.0484375
0 0.79140625 0.59765625 0.04609375 0.0640625
0 0.7359375 0.61015625 0.06015625 0.03984375
0 0.665625 0.54375 0.02734375 0.03125
0 0.7 0.5453125 0.03359375 0.03984375
0 0.3296875 0.57890625 0.059375 0.03515625
0 0.2359375 0.5015625 0.05 0.03125
0 0.2578125 0.56796875 0.05625 0.03984375
0 0.17890625 0.4765625 0.03359375 0.03515625
0 0.19453125 0.54140625 0.05 0.03984375
1 0.7296875 0.546875 0.025 0.06015625
1 0.36953125 0.5203125 0.01640625 0.05546875
1 0.32109375 0.51796875 0.02109375 0.05546875
3 0.37890625 0.496875 0.03125 0.0625
3 0.31953125 0.49453125 0.0265625 0.0578125