0 0.27578125 0.55234375 0.04921875 0.03984375
0 0.7421875 0.5453125 0.0453125 0.03984375
0 0.715625 0.6078125 0.05546875 0.03515625
3 0.78203125 0.60546875 0.02734375 0.03515625
3 0.73671875 0.621875 0.01640625 0.0421875
3 0.7046875 0.53046875 0.01796875 0.03984375
3 0.66953125 0.53359375 0.01640625 0.0421875
3 0.29921875 0.53359375 0.01875 0.0375
3 0.35078125 0.53828125 0.01640625 0.046875
1 0.32578125 0.559375 0.02890625 0.04453125
1 0.446875 0.546875 0.02265625 0.06015625
1 0.57109375 0.55703125 0.0203125 0.0484375
1 0.6578125 0.55546875 0.03515625 0.0375
2 0.26015625 0.6453125 0.0203125 0.0484375
1 0.28046875 0.6390625 0.04375 0.053125
7 0.2640625 0.71015625 0.06640625 0.09296875
8 0.2671875 0.7765625 0.02890625 0.053125
8 0.23203125 0.77421875 0.03515625 0.07109375