1 0.7015625 0.48828125 0.03046875 0.0625
4 0.85703125 0.5890625 0.084375 0.1484375
0 0.778125 0.54375 0.05390625 0.053125
0 0.66796875 0.49453125 0.03515625 0.0484375
0 0.7046875 0.56328125 0.05625 0.0578125
0 0.60234375 0.58203125 0.03515625 0.03359375
0 0.39921875 0.59140625 0.025 0.03359375
0 0.35 0.58359375 0.03671875 0.0265625
0 0.2984375 0.52109375 0.05390625 0.0484375
0 0.23203125 0.51796875 0.0515625 0.046875
0 0.21953125 0.56015625 0.05546875 0.06875
0 0.2921875 0.5734375 0.0640625 0.05078125
4 0.14375 0.59921875 0.07421875 0.1953125
3 0.3328125 0.60234375 0.01796875 0.03359375
3 0.26015625 0.5953125 0.01796875 0.046875
3 0.24140625 0.6 0.0203125 0.0421875