1 0.465625 0.5125 0.01796875 0.03984375
4 0.159375 0.3453125 0.0703125 0.17109375
4 0.1296875 0.525 0.096875 0.13515625
4 0.84453125 0.33828125 0.0640625 0.1796875
1 0.80390625 0.46796875 0.0453125 0.04453125
1 0.75546875 0.48828125 0.03359375 0.04453125
3 0.7234375 0.48359375 0.0203125 0.0484375
3 0.74453125 0.58203125 0.02265625 0.05546875
1 0.7125 0.5609375 0.0515625 0.03515625
1 0.2703125 0.56328125 0.0453125 0.0625
1 0.20234375 0.53203125 0.04296875 0.0578125
7 0.259375 0.66796875 0.0765625 0.1328125