4 0.165625 0.36953125 0.10390625 0.165625
4 0.13671875 0.628125 0.10546875 0.1921875
4 0.84453125 0.359375 0.08203125 0.18046875
4 0.8828125 0.6140625 0.115625 0.1625
1 0.81328125 0.50390625 0.05703125 0.0796875
1 0.759375 0.53203125 0.0515625 0.07109375
1 0.80078125 0.5828125 0.0515625 0.07109375
0 0.7328125 0.609375 0.05546875 0.059375
0 0.29921875 0.62109375 0.05546875 0.07109375
1 0.2484375 0.546875 0.05859375 0.06484375
1 0.190625 0.521875 0.05390625 0.07421875
1 0.21953125 0.59453125 0.04375 0.0828125