0 0.2765625 0.38515625 0.04609375 0.05546875
0 0.33984375 0.415625 0.059375 0.046875
0 0.3078125 0.4921875 0.04765625 0.06640625
0 0.36953125 0.51328125 0.05 0.05078125
0 0.39765625 0.54765625 0.0265625 0.03515625
0 0.65234375 0.43125 0.01875 0.0421875
0 0.69765625 0.41484375 0.04375 0.0578125
0 0.7453125 0.38828125 0.05390625 0.0578125
0 0.71875 0.49140625 0.0515625 0.05546875
0 0.66796875 0.53125 0.06015625 0.06875
3 0.7125 0.35703125 0.02109375 0.0578125
3 0.66015625 0.5734375 0.01796875 0.046875