1 0.75703125 0.4390625 0.053125 0.07578125
1 0.7046875 0.46796875 0.059375 0.0484375
1 0.66640625 0.4703125 0.02734375 0.0484375
1 0.628125 0.48046875 0.0375 0.05546875
1 0.734375 0.53828125 0.03515625 0.05078125
1 0.66953125 0.56015625 0.03671875 0.05546875
3 0.7 0.57890625 0.02421875 0.0796875
7 0.6953125 0.63671875 0.04765625 0.0796875
8 0.72265625 0.70078125 0.01875 0.0625
8 0.6890625 0.7140625 0.03515625 0.053125
7 0.2921875 0.3625 0.04765625 0.13125
7 0.30390625 0.66796875 0.06796875 0.11953125
1 0.37890625 0.4734375 0.0203125 0.0375
1 0.30546875 0.46484375 0.04296875 0.05078125
1 0.23203125 0.446875 0.0375 0.0421875
1 0.32109375 0.56328125 0.05625 0.053125
1 0.265625 0.5453125 0.04375 0.0484375