7 0.2296875 0.25703125 0.0453125 0.2171875
4 0.17109375 0.49453125 0.07265625 0.190625
4 0.84765625 0.53203125 0.103125 0.20390625
7 0.7265625 0.665625 0.07421875 0.18671875
7 0.73125 0.29375 0.05390625 0.175
0 0.76328125 0.496875 0.0578125 0.0625
0 0.79765625 0.41015625 0.03515625 0.06640625
1 0.73828125 0.40390625 0.0453125 0.12421875
0 0.7015625 0.4359375 0.04140625 0.07734375
0 0.7015625 0.53125 0.078125 0.1
0 0.35 0.51328125 0.05390625 0.046875
0 0.296875 0.496875 0.04921875 0.0625
0 0.359375 0.43828125 0.04140625 0.06015625
0 0.203125 0.4046875 0.0265625 0.05546875
0 0.27734375 0.41796875 0.065625 0.06875
0 0.3171875 0.43125 0.03125 0.05546875
5 0.3046875 0.37734375 0.02109375 0.03984375
5 0.25546875 0.3734375 0.01875 0.0375
3 0.29375 0.5625 0.053125 0.175