7 0.6875 0.359375 0.03125 0.159375
1 0.80390625 0.425 0.03984375 0.05546875
3 0.76171875 0.4125 0.02421875 0.053125
1 0.6921875 0.46796875 0.0375 0.04453125
1 0.740625 0.45546875 0.05 0.0421875
1 0.715625 0.5578125 0.065625 0.05546875
1 0.5625 0.47109375 0.01796875 0.05546875
1 0.5453125 0.46484375 0.025 0.05546875
1 0.5109375 0.46484375 0.0203125 0.0640625
1 0.4953125 0.45703125 0.0140625 0.0625
1 0.45859375 0.45234375 0.025 0.0625
1 0.415625 0.4703125 0.02265625 0.053125
1 0.234375 0.528125 0.06171875 0.07109375
3 0.75859375 0.56015625 0.01484375 0.0421875
3 0.71796875 0.59765625 0.03359375 0.03359375
3 0.67890625 0.60546875 0.02421875 0.03125
3 0.3 0.44375 0.0203125 0.03984375
3 0.25390625 0.42109375 0.01875 0.0484375
3 0.2734375 0.56875 0.01875 0.05078125
0 0.32265625 0.45234375 0.03046875 0.0796875
0 0.36953125 0.46171875 0.03046875 0.0578125
7 0.32734375 0.3515625 0.0265625 0.1265625
7 0.3625 0.36484375 0.025 0.153125
7 0.3984375 0.35078125 0.02890625 0.159375
7 0.43671875 0.34375 0.03515625 0.17734375