4 0.79453125 0.3046875 0.0828125 0.16171875
4 0.84296875 0.57421875 0.10703125 0.20859375
4 0.23203125 0.309375 0.08828125 0.16171875
4 0.175 0.54375 0.10703125 0.1640625
0 0.24609375 0.440625 0.05 0.08203125
0 0.253125 0.53828125 0.06875 0.05546875
0 0.30859375 0.57265625 0.06015625 0.0625
1 0.30859375 0.47890625 0.07421875 0.06640625
0 0.6453125 0.596875 0.04765625 0.04453125
0 0.7625 0.4484375 0.04296875 0.0578125
0 0.7625 0.56328125 0.04921875 0.053125
0 0.70078125 0.5890625 0.03984375 0.05546875