4 0.790625 0.18515625 0.08671875 0.14453125
4 0.8421875 0.53046875 0.096875 0.1109375
4 0.203125 0.18828125 0.0828125 0.1375
4 0.146875 0.5046875 0.09296875 0.1578125
1 0.69140625 0.56796875 0.01875 0.03515625
1 0.45078125 0.36953125 0.0125 0.03359375
0 0.76875 0.3703125 0.05390625 0.0578125
0 0.70546875 0.3890625 0.05546875 0.05546875
0 0.64921875 0.39453125 0.025 0.03125
0 0.609375 0.3859375 0.0328125 0.03515625
0 0.290625 0.38359375 0.05625 0.0484375
0 0.22265625 0.36953125 0.059375 0.06015625
0 0.2328125 0.49453125 0.04140625 0.0578125
0 0.2921875 0.53125 0.04921875 0.046875
0 0.35 0.53203125 0.03125 0.03984375
0 0.3859375 0.53671875 0.02421875 0.03125
0 0.64921875 0.55 0.01796875 0.0265625
0 0.6953125 0.53046875 0.053125 0.03984375
0 0.75625 0.49375 0.0453125 0.05546875