0 0.228125 0.3828125 0.04375 0.06015625
0 0.2609375 0.45703125 0.0453125 0.0484375
0 0.70078125 0.40703125 0.03515625 0.05078125
0 0.7515625 0.4625 0.04140625 0.05078125
0 0.7015625 0.48125 0.059375 0.053125
1 0.66796875 0.409375 0.0203125 0.05078125
1 0.5578125 0.42265625 0.0125 0.0421875
1 0.5453125 0.4234375 0.0109375 0.0484375
1 0.31796875 0.46953125 0.0578125 0.05546875
3 0.3328125 0.50390625 0.025 0.0578125
3 0.29609375 0.5125 0.02265625 0.07109375
1 0.4796875 0.428125 0.01484375 0.053125
1 0.4640625 0.42109375 0.01640625 0.0625