0 0.79453125 0.44609375 0.0140625 0.04453125
0 0.76484375 0.46171875 0.02265625 0.03125
0 0.2734375 0.48359375 0.0203125 0.03125
0 0.24140625 0.4390625 0.01640625 0.0578125
3 0.22890625 0.428125 0.01640625 0.04453125
1 0.35859375 0.5015625 0.01875 0.0484375
1 0.3171875 0.57890625 0.02421875 0.04453125
1 0.290625 0.578125 0.0265625 0.06015625
3 0.52890625 0.5265625 0.01484375 0.0421875
3 0.69921875 0.5015625 0.025 0.0265625
3 0.7015625 0.6046875 0.04140625 0.046875
1 0.6984375 0.56640625 0.05625 0.0421875