1 0.75078125 0.5015625 0.0453125 0.07109375
1 0.6984375 0.53203125 0.05546875 0.0484375
1 0.69609375 0.61015625 0.04140625 0.053125
3 0.6796875 0.6390625 0.025 0.03984375
3 0.659375 0.5171875 0.01796875 0.03125
3 0.63203125 0.50390625 0.01875 0.03515625
1 0.25390625 0.5015625 0.053125 0.053125
1 0.3578125 0.53125 0.0328125 0.05078125
1 0.32890625 0.61484375 0.04765625 0.0578125
3 0.29140625 0.5015625 0.01484375 0.0484375
3 0.34609375 0.6390625 0.01640625 0.03515625
3 0.359375 0.6546875 0.01640625 0.03984375
0 0.32109375 0.5359375 0.0453125 0.0421875