4 0.8640625 0.52890625 0.09765625 0.17109375
4 0.16484375 0.5234375 0.09453125 0.1421875
1 0.2234375 0.44375 0.03046875 0.053125
1 0.2640625 0.46484375 0.02421875 0.02890625
1 0.28515625 0.48359375 0.01484375 0.03984375
1 0.2390625 0.525 0.04609375 0.046875
3 0.26640625 0.553125 0.01796875 0.05078125
1 0.30234375 0.546875 0.04375 0.05078125
1 0.34296875 0.61015625 0.0328125 0.0578125
3 0.32421875 0.62421875 0.0140625 0.046875
1 0.78359375 0.44453125 0.01796875 0.05546875
1 0.72109375 0.4921875 0.0203125 0.04453125
1 0.7828125 0.5234375 0.04921875 0.0796875
1 0.72265625 0.5546875 0.0390625 0.07109375
1 0.67890625 0.59375 0.0265625 0.0375
3 0.69375 0.4921875 0.02421875 0.0484375
3 0.525 0.5359375 0.01484375 0.02421875
1 0.471875 0.515625 0.0125 0.0421875